(kicad_pcb (version 4) (host pcbnew 4.0.7)

  (general
    (links 144)
    (no_connects 0)
    (area 169.624999 58.925 203.109525 121.175)
    (thickness 1.6)
    (drawings 15)
    (tracks 273)
    (zones 0)
    (modules 40)
    (nets 26)
  )

  (page A4)
  (layers
    (0 F.Cu signal)
    (31 B.Cu signal)
    (32 B.Adhes user)
    (33 F.Adhes user)
    (34 B.Paste user)
    (35 F.Paste user)
    (36 B.SilkS user)
    (37 F.SilkS user)
    (38 B.Mask user)
    (39 F.Mask user)
    (40 Dwgs.User user)
    (41 Cmts.User user)
    (42 Eco1.User user)
    (43 Eco2.User user)
    (44 Edge.Cuts user)
    (45 Margin user)
    (46 B.CrtYd user)
    (47 F.CrtYd user)
    (48 B.Fab user)
    (49 F.Fab user)
  )

  (setup
    (last_trace_width 0.3)
    (user_trace_width 0.6)
    (user_trace_width 1)
    (trace_clearance 0.3)
    (zone_clearance 0.3)
    (zone_45_only yes)
    (trace_min 0.3)
    (segment_width 0.2)
    (edge_width 0.15)
    (via_size 1.4)
    (via_drill 0.8)
    (via_min_size 1.4)
    (via_min_drill 0.8)
    (user_via 1.8 1.2)
    (uvia_size 0.3)
    (uvia_drill 0.1)
    (uvias_allowed no)
    (uvia_min_size 0.2)
    (uvia_min_drill 0.1)
    (pcb_text_width 0.3)
    (pcb_text_size 1.5 1.5)
    (mod_edge_width 0.15)
    (mod_text_size 1 1)
    (mod_text_width 0.15)
    (pad_size 1.524 1.524)
    (pad_drill 0.762)
    (pad_to_mask_clearance 0.2)
    (aux_axis_origin 170 60)
    (grid_origin 170 60)
    (visible_elements 7FFFFFFF)
    (pcbplotparams
      (layerselection 0x3100c_80000001)
      (usegerberextensions false)
      (excludeedgelayer true)
      (linewidth 0.100000)
      (plotframeref false)
      (viasonmask false)
      (mode 1)
      (useauxorigin true)
      (hpglpennumber 1)
      (hpglpenspeed 20)
      (hpglpendiameter 15)
      (hpglpenoverlay 2)
      (psnegative false)
      (psa4output false)
      (plotreference true)
      (plotvalue true)
      (plotinvisibletext false)
      (padsonsilk false)
      (subtractmaskfromsilk false)
      (outputformat 1)
      (mirror false)
      (drillshape 0)
      (scaleselection 1)
      (outputdirectory Gerber/))
  )

  (net 0 "")
  (net 1 +24V)
  (net 2 GND)
  (net 3 +15V)
  (net 4 /+15V:A)
  (net 5 /-8.7V:A)
  (net 6 /VSS:A)
  (net 7 "Net-(C8-Pad1)")
  (net 8 /DT)
  (net 9 /+15V:B)
  (net 10 /-8.7V:B)
  (net 11 /VSS:B)
  (net 12 /PWM)
  (net 13 /ENABLE)
  (net 14 /Gate:A)
  (net 15 /Gate:B)
  (net 16 "Net-(Q1-Pad4)")
  (net 17 "Net-(Q3-Pad1)")
  (net 18 "Net-(Q3-Pad3)")
  (net 19 "Net-(Q4-Pad4)")
  (net 20 "Net-(R2-Pad2)")
  (net 21 "Net-(R6-Pad2)")
  (net 22 "Net-(U3-Pad2)")
  (net 23 "Net-(U3-Pad7)")
  (net 24 "Net-(U3-Pad12)")
  (net 25 "Net-(U3-Pad13)")

  (net_class Default "This is the default net class."
    (clearance 0.3)
    (trace_width 0.3)
    (via_dia 1.4)
    (via_drill 0.8)
    (uvia_dia 0.3)
    (uvia_drill 0.1)
    (add_net +15V)
    (add_net +24V)
    (add_net /+15V:A)
    (add_net /+15V:B)
    (add_net /-8.7V:A)
    (add_net /-8.7V:B)
    (add_net /DT)
    (add_net /ENABLE)
    (add_net /Gate:A)
    (add_net /Gate:B)
    (add_net /PWM)
    (add_net /VSS:A)
    (add_net /VSS:B)
    (add_net GND)
    (add_net "Net-(C8-Pad1)")
    (add_net "Net-(Q1-Pad4)")
    (add_net "Net-(Q3-Pad1)")
    (add_net "Net-(Q3-Pad3)")
    (add_net "Net-(Q4-Pad4)")
    (add_net "Net-(R2-Pad2)")
    (add_net "Net-(R6-Pad2)")
    (add_net "Net-(U3-Pad12)")
    (add_net "Net-(U3-Pad13)")
    (add_net "Net-(U3-Pad2)")
    (add_net "Net-(U3-Pad7)")
  )

  (module Resistors_SMD:R_1206 (layer F.Cu) (tedit 5AD9BEC4) (tstamp 5ACA0E95)
    (at 190 87.5 180)
    (descr "Resistor SMD 1206, reflow soldering, Vishay (see dcrcw.pdf)")
    (tags "resistor 1206")
    (path /5ACAE726)
    (attr smd)
    (fp_text reference R1 (at 0 0 180) (layer F.SilkS)
      (effects (font (size 1 1) (thickness 0.15)))
    )
    (fp_text value 47 (at 3 0 180) (layer F.Fab)
      (effects (font (size 1 1) (thickness 0.15)))
    )
    (fp_text user %R (at 0 0 180) (layer F.Fab)
      (effects (font (size 0.7 0.7) (thickness 0.105)))
    )
    (fp_line (start -1.6 0.8) (end -1.6 -0.8) (layer F.Fab) (width 0.1))
    (fp_line (start 1.6 0.8) (end -1.6 0.8) (layer F.Fab) (width 0.1))
    (fp_line (start 1.6 -0.8) (end 1.6 0.8) (layer F.Fab) (width 0.1))
    (fp_line (start -1.6 -0.8) (end 1.6 -0.8) (layer F.Fab) (width 0.1))
    (fp_line (start 1 1.07) (end -1 1.07) (layer F.SilkS) (width 0.12))
    (fp_line (start -1 -1.07) (end 1 -1.07) (layer F.SilkS) (width 0.12))
    (fp_line (start -2.15 -1.11) (end 2.15 -1.11) (layer F.CrtYd) (width 0.05))
    (fp_line (start -2.15 -1.11) (end -2.15 1.1) (layer F.CrtYd) (width 0.05))
    (fp_line (start 2.15 1.1) (end 2.15 -1.11) (layer F.CrtYd) (width 0.05))
    (fp_line (start 2.15 1.1) (end -2.15 1.1) (layer F.CrtYd) (width 0.05))
    (pad 1 smd rect (at -1.45 0 180) (size 0.9 1.7) (layers F.Cu F.Paste F.Mask)
      (net 7 "Net-(C8-Pad1)"))
    (pad 2 smd rect (at 1.45 0 180) (size 0.9 1.7) (layers F.Cu F.Paste F.Mask)
      (net 12 /PWM))
    (model ${KISYS3DMOD}/Resistors_SMD.3dshapes/R_1206.wrl
      (at (xyz 0 0 0))
      (scale (xyz 1 1 1))
      (rotate (xyz 0 0 0))
    )
  )

  (module Connectors_Molex:Molex_KK-6410-04_04x2.54mm_Straight (layer B.Cu) (tedit 5AD9B4E6) (tstamp 5ACCB012)
    (at 173.5 85 270)
    (descr "Connector Headers with Friction Lock, 22-27-2041, http://www.molex.com/pdm_docs/sd/022272021_sd.pdf")
    (tags "connector molex kk_6410 22-27-2041")
    (path /5ACAE71F)
    (fp_text reference J1 (at 10.25 -2.25 360) (layer B.SilkS)
      (effects (font (size 1 1) (thickness 0.15)) (justify mirror))
    )
    (fp_text value Inputs (at 3.75 -2 270) (layer B.Fab)
      (effects (font (size 1 1) (thickness 0.15)) (justify mirror))
    )
    (fp_line (start -1.47 3.12) (end -1.47 -3.08) (layer B.Fab) (width 0.12))
    (fp_line (start -1.47 -3.08) (end 9.09 -3.08) (layer B.Fab) (width 0.12))
    (fp_line (start 9.09 -3.08) (end 9.09 3.12) (layer B.Fab) (width 0.12))
    (fp_line (start 9.09 3.12) (end -1.47 3.12) (layer B.Fab) (width 0.12))
    (fp_line (start -1.37 3.02) (end -1.37 -2.98) (layer B.SilkS) (width 0.12))
    (fp_line (start -1.37 -2.98) (end 8.99 -2.98) (layer B.SilkS) (width 0.12))
    (fp_line (start 8.99 -2.98) (end 8.99 3.02) (layer B.SilkS) (width 0.12))
    (fp_line (start 8.99 3.02) (end -1.37 3.02) (layer B.SilkS) (width 0.12))
    (fp_line (start 0 -2.98) (end 0 -1.98) (layer B.SilkS) (width 0.12))
    (fp_line (start 0 -1.98) (end 7.62 -1.98) (layer B.SilkS) (width 0.12))
    (fp_line (start 7.62 -1.98) (end 7.62 -2.98) (layer B.SilkS) (width 0.12))
    (fp_line (start 0 -1.98) (end 0.25 -1.55) (layer B.SilkS) (width 0.12))
    (fp_line (start 0.25 -1.55) (end 7.37 -1.55) (layer B.SilkS) (width 0.12))
    (fp_line (start 7.37 -1.55) (end 7.62 -1.98) (layer B.SilkS) (width 0.12))
    (fp_line (start 0.25 -2.98) (end 0.25 -1.98) (layer B.SilkS) (width 0.12))
    (fp_line (start 7.37 -2.98) (end 7.37 -1.98) (layer B.SilkS) (width 0.12))
    (fp_line (start -0.8 3.02) (end -0.8 2.4) (layer B.SilkS) (width 0.12))
    (fp_line (start -0.8 2.4) (end 0.8 2.4) (layer B.SilkS) (width 0.12))
    (fp_line (start 0.8 2.4) (end 0.8 3.02) (layer B.SilkS) (width 0.12))
    (fp_line (start 1.74 3.02) (end 1.74 2.4) (layer B.SilkS) (width 0.12))
    (fp_line (start 1.74 2.4) (end 3.34 2.4) (layer B.SilkS) (width 0.12))
    (fp_line (start 3.34 2.4) (end 3.34 3.02) (layer B.SilkS) (width 0.12))
    (fp_line (start 4.28 3.02) (end 4.28 2.4) (layer B.SilkS) (width 0.12))
    (fp_line (start 4.28 2.4) (end 5.88 2.4) (layer B.SilkS) (width 0.12))
    (fp_line (start 5.88 2.4) (end 5.88 3.02) (layer B.SilkS) (width 0.12))
    (fp_line (start 6.82 3.02) (end 6.82 2.4) (layer B.SilkS) (width 0.12))
    (fp_line (start 6.82 2.4) (end 8.42 2.4) (layer B.SilkS) (width 0.12))
    (fp_line (start 8.42 2.4) (end 8.42 3.02) (layer B.SilkS) (width 0.12))
    (fp_line (start -1.9 -3.5) (end -1.9 3.55) (layer B.CrtYd) (width 0.05))
    (fp_line (start -1.9 3.55) (end 9.5 3.55) (layer B.CrtYd) (width 0.05))
    (fp_line (start 9.5 3.55) (end 9.5 -3.5) (layer B.CrtYd) (width 0.05))
    (fp_line (start 9.5 -3.5) (end -1.9 -3.5) (layer B.CrtYd) (width 0.05))
    (fp_text user %R (at 3.75 0 450) (layer B.Fab)
      (effects (font (size 1 1) (thickness 0.15)) (justify mirror))
    )
    (pad 1 thru_hole rect (at 0 0 270) (size 2 2.6) (drill 1.2) (layers *.Cu *.Mask)
      (net 13 /ENABLE))
    (pad 2 thru_hole oval (at 2.54 0 270) (size 2 2.6) (drill 1.2) (layers *.Cu *.Mask)
      (net 12 /PWM))
    (pad 3 thru_hole oval (at 5.08 0 270) (size 2 2.6) (drill 1.2) (layers *.Cu *.Mask)
      (net 1 +24V))
    (pad 4 thru_hole oval (at 7.62 0 270) (size 2 2.6) (drill 1.2) (layers *.Cu *.Mask)
      (net 2 GND))
    (model ${KISYS3DMOD}/Connectors_Molex.3dshapes/Molex_KK-6410-04_04x2.54mm_Straight.wrl
      (at (xyz 0 0 0))
      (scale (xyz 1 1 1))
      (rotate (xyz 0 0 0))
    )
  )

  (module Capacitors_SMD:C_1206 (layer B.Cu) (tedit 5AD9B046) (tstamp 5ACA0DE4)
    (at 193.25 87.25 270)
    (descr "Capacitor SMD 1206, reflow soldering, AVX (see smccp.pdf)")
    (tags "capacitor 1206")
    (path /5ACAE5C1)
    (attr smd)
    (fp_text reference C11 (at 0 0 270) (layer B.SilkS)
      (effects (font (size 1 1) (thickness 0.15)) (justify mirror))
    )
    (fp_text value 100n (at -0.25 1.75 270) (layer B.Fab)
      (effects (font (size 1 1) (thickness 0.15)) (justify mirror))
    )
    (fp_text user %R (at 0 0 270) (layer B.Fab)
      (effects (font (size 1 1) (thickness 0.15)) (justify mirror))
    )
    (fp_line (start -1.6 -0.8) (end -1.6 0.8) (layer B.Fab) (width 0.1))
    (fp_line (start 1.6 -0.8) (end -1.6 -0.8) (layer B.Fab) (width 0.1))
    (fp_line (start 1.6 0.8) (end 1.6 -0.8) (layer B.Fab) (width 0.1))
    (fp_line (start -1.6 0.8) (end 1.6 0.8) (layer B.Fab) (width 0.1))
    (fp_line (start 1 1.02) (end -1 1.02) (layer B.SilkS) (width 0.12))
    (fp_line (start -1 -1.02) (end 1 -1.02) (layer B.SilkS) (width 0.12))
    (fp_line (start -2.25 1.05) (end 2.25 1.05) (layer B.CrtYd) (width 0.05))
    (fp_line (start -2.25 1.05) (end -2.25 -1.05) (layer B.CrtYd) (width 0.05))
    (fp_line (start 2.25 -1.05) (end 2.25 1.05) (layer B.CrtYd) (width 0.05))
    (fp_line (start 2.25 -1.05) (end -2.25 -1.05) (layer B.CrtYd) (width 0.05))
    (pad 1 smd rect (at -1.5 0 270) (size 1 1.6) (layers B.Cu B.Paste B.Mask)
      (net 3 +15V))
    (pad 2 smd rect (at 1.5 0 270) (size 1 1.6) (layers B.Cu B.Paste B.Mask)
      (net 2 GND))
    (model Capacitors_SMD.3dshapes/C_1206.wrl
      (at (xyz 0 0 0))
      (scale (xyz 1 1 1))
      (rotate (xyz 0 0 0))
    )
  )

  (module Resistors_SMD:R_1206 (layer F.Cu) (tedit 5AD9BEC6) (tstamp 5ACA0EA7)
    (at 190 85 180)
    (descr "Resistor SMD 1206, reflow soldering, Vishay (see dcrcw.pdf)")
    (tags "resistor 1206")
    (path /5ACAE833)
    (attr smd)
    (fp_text reference R4 (at 0 0 180) (layer F.SilkS)
      (effects (font (size 1 1) (thickness 0.15)))
    )
    (fp_text value 5k6 (at 3.25 0 180) (layer F.Fab)
      (effects (font (size 1 1) (thickness 0.15)))
    )
    (fp_text user %R (at 0 0 180) (layer F.Fab)
      (effects (font (size 0.7 0.7) (thickness 0.105)))
    )
    (fp_line (start -1.6 0.8) (end -1.6 -0.8) (layer F.Fab) (width 0.1))
    (fp_line (start 1.6 0.8) (end -1.6 0.8) (layer F.Fab) (width 0.1))
    (fp_line (start 1.6 -0.8) (end 1.6 0.8) (layer F.Fab) (width 0.1))
    (fp_line (start -1.6 -0.8) (end 1.6 -0.8) (layer F.Fab) (width 0.1))
    (fp_line (start 1 1.07) (end -1 1.07) (layer F.SilkS) (width 0.12))
    (fp_line (start -1 -1.07) (end 1 -1.07) (layer F.SilkS) (width 0.12))
    (fp_line (start -2.15 -1.11) (end 2.15 -1.11) (layer F.CrtYd) (width 0.05))
    (fp_line (start -2.15 -1.11) (end -2.15 1.1) (layer F.CrtYd) (width 0.05))
    (fp_line (start 2.15 1.1) (end 2.15 -1.11) (layer F.CrtYd) (width 0.05))
    (fp_line (start 2.15 1.1) (end -2.15 1.1) (layer F.CrtYd) (width 0.05))
    (pad 1 smd rect (at -1.45 0 180) (size 0.9 1.7) (layers F.Cu F.Paste F.Mask)
      (net 17 "Net-(Q3-Pad1)"))
    (pad 2 smd rect (at 1.45 0 180) (size 0.9 1.7) (layers F.Cu F.Paste F.Mask)
      (net 13 /ENABLE))
    (model ${KISYS3DMOD}/Resistors_SMD.3dshapes/R_1206.wrl
      (at (xyz 0 0 0))
      (scale (xyz 1 1 1))
      (rotate (xyz 0 0 0))
    )
  )

  (module TO_SOT_Packages_SMD:SOT-23 (layer F.Cu) (tedit 5AD9BD65) (tstamp 5ACA0E61)
    (at 193.75 92.5 270)
    (descr "SOT-23, Standard")
    (tags SOT-23)
    (path /5ACAE824)
    (attr smd)
    (fp_text reference Q3 (at 0 0 360) (layer F.SilkS)
      (effects (font (size 1 1) (thickness 0.15)))
    )
    (fp_text value BC846A (at -1.5 0 360) (layer F.Fab)
      (effects (font (size 1 1) (thickness 0.15)))
    )
    (fp_text user %R (at 0 0 360) (layer F.Fab)
      (effects (font (size 0.5 0.5) (thickness 0.075)))
    )
    (fp_line (start -0.7 -0.95) (end -0.7 1.5) (layer F.Fab) (width 0.1))
    (fp_line (start -0.15 -1.52) (end 0.7 -1.52) (layer F.Fab) (width 0.1))
    (fp_line (start -0.7 -0.95) (end -0.15 -1.52) (layer F.Fab) (width 0.1))
    (fp_line (start 0.7 -1.52) (end 0.7 1.52) (layer F.Fab) (width 0.1))
    (fp_line (start -0.7 1.52) (end 0.7 1.52) (layer F.Fab) (width 0.1))
    (fp_line (start 0.76 1.58) (end 0.76 0.65) (layer F.SilkS) (width 0.12))
    (fp_line (start 0.76 -1.58) (end 0.76 -0.65) (layer F.SilkS) (width 0.12))
    (fp_line (start -1.7 -1.75) (end 1.7 -1.75) (layer F.CrtYd) (width 0.05))
    (fp_line (start 1.7 -1.75) (end 1.7 1.75) (layer F.CrtYd) (width 0.05))
    (fp_line (start 1.7 1.75) (end -1.7 1.75) (layer F.CrtYd) (width 0.05))
    (fp_line (start -1.7 1.75) (end -1.7 -1.75) (layer F.CrtYd) (width 0.05))
    (fp_line (start 0.76 -1.58) (end -1.4 -1.58) (layer F.SilkS) (width 0.12))
    (fp_line (start 0.76 1.58) (end -0.7 1.58) (layer F.SilkS) (width 0.12))
    (pad 1 smd rect (at -1 -0.95 270) (size 0.9 0.8) (layers F.Cu F.Paste F.Mask)
      (net 17 "Net-(Q3-Pad1)"))
    (pad 2 smd rect (at -1 0.95 270) (size 0.9 0.8) (layers F.Cu F.Paste F.Mask)
      (net 2 GND))
    (pad 3 smd rect (at 1 0 270) (size 0.9 0.8) (layers F.Cu F.Paste F.Mask)
      (net 18 "Net-(Q3-Pad3)"))
    (model ${KISYS3DMOD}/TO_SOT_Packages_SMD.3dshapes/SOT-23.wrl
      (at (xyz 0 0 0))
      (scale (xyz 1 1 1))
      (rotate (xyz 0 0 0))
    )
  )

  (module Capacitors_SMD:C_1206 (layer F.Cu) (tedit 5AD9BEAC) (tstamp 5ACA0DA8)
    (at 176.5 65 270)
    (descr "Capacitor SMD 1206, reflow soldering, AVX (see smccp.pdf)")
    (tags "capacitor 1206")
    (path /5ACBB2B0)
    (attr smd)
    (fp_text reference C1 (at 0 0 270) (layer F.SilkS)
      (effects (font (size 1 1) (thickness 0.15)))
    )
    (fp_text value 100n (at 3.75 0 270) (layer F.Fab)
      (effects (font (size 1 1) (thickness 0.15)))
    )
    (fp_text user %R (at 0 0 270) (layer F.Fab)
      (effects (font (size 1 1) (thickness 0.15)))
    )
    (fp_line (start -1.6 0.8) (end -1.6 -0.8) (layer F.Fab) (width 0.1))
    (fp_line (start 1.6 0.8) (end -1.6 0.8) (layer F.Fab) (width 0.1))
    (fp_line (start 1.6 -0.8) (end 1.6 0.8) (layer F.Fab) (width 0.1))
    (fp_line (start -1.6 -0.8) (end 1.6 -0.8) (layer F.Fab) (width 0.1))
    (fp_line (start 1 -1.02) (end -1 -1.02) (layer F.SilkS) (width 0.12))
    (fp_line (start -1 1.02) (end 1 1.02) (layer F.SilkS) (width 0.12))
    (fp_line (start -2.25 -1.05) (end 2.25 -1.05) (layer F.CrtYd) (width 0.05))
    (fp_line (start -2.25 -1.05) (end -2.25 1.05) (layer F.CrtYd) (width 0.05))
    (fp_line (start 2.25 1.05) (end 2.25 -1.05) (layer F.CrtYd) (width 0.05))
    (fp_line (start 2.25 1.05) (end -2.25 1.05) (layer F.CrtYd) (width 0.05))
    (pad 1 smd rect (at -1.5 0 270) (size 1 1.6) (layers F.Cu F.Paste F.Mask)
      (net 1 +24V))
    (pad 2 smd rect (at 1.5 0 270) (size 1 1.6) (layers F.Cu F.Paste F.Mask)
      (net 2 GND))
    (model Capacitors_SMD.3dshapes/C_1206.wrl
      (at (xyz 0 0 0))
      (scale (xyz 1 1 1))
      (rotate (xyz 0 0 0))
    )
  )

  (module Capacitors_SMD:C_1206 (layer F.Cu) (tedit 5AD9BECC) (tstamp 5ACA0DAE)
    (at 182 91.5 270)
    (descr "Capacitor SMD 1206, reflow soldering, AVX (see smccp.pdf)")
    (tags "capacitor 1206")
    (path /5ACAE6F9)
    (attr smd)
    (fp_text reference C2 (at 0 0 270) (layer F.SilkS)
      (effects (font (size 1 1) (thickness 0.15)))
    )
    (fp_text value 330n (at -4.25 0 270) (layer F.Fab)
      (effects (font (size 1 1) (thickness 0.15)))
    )
    (fp_text user %R (at 0 0 270) (layer F.Fab)
      (effects (font (size 1 1) (thickness 0.15)))
    )
    (fp_line (start -1.6 0.8) (end -1.6 -0.8) (layer F.Fab) (width 0.1))
    (fp_line (start 1.6 0.8) (end -1.6 0.8) (layer F.Fab) (width 0.1))
    (fp_line (start 1.6 -0.8) (end 1.6 0.8) (layer F.Fab) (width 0.1))
    (fp_line (start -1.6 -0.8) (end 1.6 -0.8) (layer F.Fab) (width 0.1))
    (fp_line (start 1 -1.02) (end -1 -1.02) (layer F.SilkS) (width 0.12))
    (fp_line (start -1 1.02) (end 1 1.02) (layer F.SilkS) (width 0.12))
    (fp_line (start -2.25 -1.05) (end 2.25 -1.05) (layer F.CrtYd) (width 0.05))
    (fp_line (start -2.25 -1.05) (end -2.25 1.05) (layer F.CrtYd) (width 0.05))
    (fp_line (start 2.25 1.05) (end 2.25 -1.05) (layer F.CrtYd) (width 0.05))
    (fp_line (start 2.25 1.05) (end -2.25 1.05) (layer F.CrtYd) (width 0.05))
    (pad 1 smd rect (at -1.5 0 270) (size 1 1.6) (layers F.Cu F.Paste F.Mask)
      (net 1 +24V))
    (pad 2 smd rect (at 1.5 0 270) (size 1 1.6) (layers F.Cu F.Paste F.Mask)
      (net 2 GND))
    (model Capacitors_SMD.3dshapes/C_1206.wrl
      (at (xyz 0 0 0))
      (scale (xyz 1 1 1))
      (rotate (xyz 0 0 0))
    )
  )

  (module Capacitors_SMD:C_1206 (layer F.Cu) (tedit 5AD9B81F) (tstamp 5ACA0DB4)
    (at 189.5 91.5 270)
    (descr "Capacitor SMD 1206, reflow soldering, AVX (see smccp.pdf)")
    (tags "capacitor 1206")
    (path /5ACAE6F2)
    (attr smd)
    (fp_text reference C3 (at 0 0 270) (layer F.SilkS)
      (effects (font (size 1 1) (thickness 0.15)))
    )
    (fp_text value 100n (at 4 0 270) (layer F.Fab)
      (effects (font (size 1 1) (thickness 0.15)))
    )
    (fp_text user %R (at 0 0 270) (layer F.Fab)
      (effects (font (size 1 1) (thickness 0.15)))
    )
    (fp_line (start -1.6 0.8) (end -1.6 -0.8) (layer F.Fab) (width 0.1))
    (fp_line (start 1.6 0.8) (end -1.6 0.8) (layer F.Fab) (width 0.1))
    (fp_line (start 1.6 -0.8) (end 1.6 0.8) (layer F.Fab) (width 0.1))
    (fp_line (start -1.6 -0.8) (end 1.6 -0.8) (layer F.Fab) (width 0.1))
    (fp_line (start 1 -1.02) (end -1 -1.02) (layer F.SilkS) (width 0.12))
    (fp_line (start -1 1.02) (end 1 1.02) (layer F.SilkS) (width 0.12))
    (fp_line (start -2.25 -1.05) (end 2.25 -1.05) (layer F.CrtYd) (width 0.05))
    (fp_line (start -2.25 -1.05) (end -2.25 1.05) (layer F.CrtYd) (width 0.05))
    (fp_line (start 2.25 1.05) (end 2.25 -1.05) (layer F.CrtYd) (width 0.05))
    (fp_line (start 2.25 1.05) (end -2.25 1.05) (layer F.CrtYd) (width 0.05))
    (pad 1 smd rect (at -1.5 0 270) (size 1 1.6) (layers F.Cu F.Paste F.Mask)
      (net 3 +15V))
    (pad 2 smd rect (at 1.5 0 270) (size 1 1.6) (layers F.Cu F.Paste F.Mask)
      (net 2 GND))
    (model Capacitors_SMD.3dshapes/C_1206.wrl
      (at (xyz 0 0 0))
      (scale (xyz 1 1 1))
      (rotate (xyz 0 0 0))
    )
  )

  (module Capacitors_SMD:C_1206 (layer F.Cu) (tedit 5AD9BEC9) (tstamp 5ACA0DBA)
    (at 176.5 91.5 270)
    (descr "Capacitor SMD 1206, reflow soldering, AVX (see smccp.pdf)")
    (tags "capacitor 1206")
    (path /5ACAE706)
    (attr smd)
    (fp_text reference C4 (at 0 0 270) (layer F.SilkS)
      (effects (font (size 1 1) (thickness 0.15)))
    )
    (fp_text value 10u (at -3.5 0 270) (layer F.Fab)
      (effects (font (size 1 1) (thickness 0.15)))
    )
    (fp_text user %R (at 0 0 270) (layer F.Fab)
      (effects (font (size 1 1) (thickness 0.15)))
    )
    (fp_line (start -1.6 0.8) (end -1.6 -0.8) (layer F.Fab) (width 0.1))
    (fp_line (start 1.6 0.8) (end -1.6 0.8) (layer F.Fab) (width 0.1))
    (fp_line (start 1.6 -0.8) (end 1.6 0.8) (layer F.Fab) (width 0.1))
    (fp_line (start -1.6 -0.8) (end 1.6 -0.8) (layer F.Fab) (width 0.1))
    (fp_line (start 1 -1.02) (end -1 -1.02) (layer F.SilkS) (width 0.12))
    (fp_line (start -1 1.02) (end 1 1.02) (layer F.SilkS) (width 0.12))
    (fp_line (start -2.25 -1.05) (end 2.25 -1.05) (layer F.CrtYd) (width 0.05))
    (fp_line (start -2.25 -1.05) (end -2.25 1.05) (layer F.CrtYd) (width 0.05))
    (fp_line (start 2.25 1.05) (end 2.25 -1.05) (layer F.CrtYd) (width 0.05))
    (fp_line (start 2.25 1.05) (end -2.25 1.05) (layer F.CrtYd) (width 0.05))
    (pad 1 smd rect (at -1.5 0 270) (size 1 1.6) (layers F.Cu F.Paste F.Mask)
      (net 1 +24V))
    (pad 2 smd rect (at 1.5 0 270) (size 1 1.6) (layers F.Cu F.Paste F.Mask)
      (net 2 GND))
    (model Capacitors_SMD.3dshapes/C_1206.wrl
      (at (xyz 0 0 0))
      (scale (xyz 1 1 1))
      (rotate (xyz 0 0 0))
    )
  )

  (module Capacitors_SMD:C_1206 (layer F.Cu) (tedit 5AD9BEB0) (tstamp 5ACA0DC0)
    (at 176.5 76.2 90)
    (descr "Capacitor SMD 1206, reflow soldering, AVX (see smccp.pdf)")
    (tags "capacitor 1206")
    (path /5ACBD53E)
    (attr smd)
    (fp_text reference C5 (at -0.05 0 90) (layer F.SilkS)
      (effects (font (size 1 1) (thickness 0.15)))
    )
    (fp_text value 10u (at -3.3 0 90) (layer F.Fab)
      (effects (font (size 1 1) (thickness 0.15)))
    )
    (fp_text user %R (at -0.05 0 90) (layer F.Fab)
      (effects (font (size 1 1) (thickness 0.15)))
    )
    (fp_line (start -1.6 0.8) (end -1.6 -0.8) (layer F.Fab) (width 0.1))
    (fp_line (start 1.6 0.8) (end -1.6 0.8) (layer F.Fab) (width 0.1))
    (fp_line (start 1.6 -0.8) (end 1.6 0.8) (layer F.Fab) (width 0.1))
    (fp_line (start -1.6 -0.8) (end 1.6 -0.8) (layer F.Fab) (width 0.1))
    (fp_line (start 1 -1.02) (end -1 -1.02) (layer F.SilkS) (width 0.12))
    (fp_line (start -1 1.02) (end 1 1.02) (layer F.SilkS) (width 0.12))
    (fp_line (start -2.25 -1.05) (end 2.25 -1.05) (layer F.CrtYd) (width 0.05))
    (fp_line (start -2.25 -1.05) (end -2.25 1.05) (layer F.CrtYd) (width 0.05))
    (fp_line (start 2.25 1.05) (end 2.25 -1.05) (layer F.CrtYd) (width 0.05))
    (fp_line (start 2.25 1.05) (end -2.25 1.05) (layer F.CrtYd) (width 0.05))
    (pad 1 smd rect (at -1.5 0 90) (size 1 1.6) (layers F.Cu F.Paste F.Mask)
      (net 4 /+15V:A))
    (pad 2 smd rect (at 1.5 0 90) (size 1 1.6) (layers F.Cu F.Paste F.Mask)
      (net 5 /-8.7V:A))
    (model Capacitors_SMD.3dshapes/C_1206.wrl
      (at (xyz 0 0 0))
      (scale (xyz 1 1 1))
      (rotate (xyz 0 0 0))
    )
  )

  (module Capacitors_SMD:C_1206 (layer B.Cu) (tedit 5AD9B2B7) (tstamp 5ACA0DC6)
    (at 184.5 81 90)
    (descr "Capacitor SMD 1206, reflow soldering, AVX (see smccp.pdf)")
    (tags "capacitor 1206")
    (path /5ACBD526)
    (attr smd)
    (fp_text reference C6 (at 0 0 90) (layer B.SilkS)
      (effects (font (size 1 1) (thickness 0.15)) (justify mirror))
    )
    (fp_text value 4.7u (at 0 -1.75 90) (layer B.Fab)
      (effects (font (size 1 1) (thickness 0.15)) (justify mirror))
    )
    (fp_text user %R (at 0 0 90) (layer B.Fab)
      (effects (font (size 1 1) (thickness 0.15)) (justify mirror))
    )
    (fp_line (start -1.6 -0.8) (end -1.6 0.8) (layer B.Fab) (width 0.1))
    (fp_line (start 1.6 -0.8) (end -1.6 -0.8) (layer B.Fab) (width 0.1))
    (fp_line (start 1.6 0.8) (end 1.6 -0.8) (layer B.Fab) (width 0.1))
    (fp_line (start -1.6 0.8) (end 1.6 0.8) (layer B.Fab) (width 0.1))
    (fp_line (start 1 1.02) (end -1 1.02) (layer B.SilkS) (width 0.12))
    (fp_line (start -1 -1.02) (end 1 -1.02) (layer B.SilkS) (width 0.12))
    (fp_line (start -2.25 1.05) (end 2.25 1.05) (layer B.CrtYd) (width 0.05))
    (fp_line (start -2.25 1.05) (end -2.25 -1.05) (layer B.CrtYd) (width 0.05))
    (fp_line (start 2.25 -1.05) (end 2.25 1.05) (layer B.CrtYd) (width 0.05))
    (fp_line (start 2.25 -1.05) (end -2.25 -1.05) (layer B.CrtYd) (width 0.05))
    (pad 1 smd rect (at -1.5 0 90) (size 1 1.6) (layers B.Cu B.Paste B.Mask)
      (net 4 /+15V:A))
    (pad 2 smd rect (at 1.5 0 90) (size 1 1.6) (layers B.Cu B.Paste B.Mask)
      (net 6 /VSS:A))
    (model Capacitors_SMD.3dshapes/C_1206.wrl
      (at (xyz 0 0 0))
      (scale (xyz 1 1 1))
      (rotate (xyz 0 0 0))
    )
  )

  (module Capacitors_SMD:C_1206 (layer B.Cu) (tedit 5AD9B461) (tstamp 5ACA0DCC)
    (at 186.75 81 90)
    (descr "Capacitor SMD 1206, reflow soldering, AVX (see smccp.pdf)")
    (tags "capacitor 1206")
    (path /5ACBD52C)
    (attr smd)
    (fp_text reference C7 (at 0 0 90) (layer B.SilkS)
      (effects (font (size 1 1) (thickness 0.15)) (justify mirror))
    )
    (fp_text value 100n (at 0 2 90) (layer B.Fab)
      (effects (font (size 1 1) (thickness 0.15)) (justify mirror))
    )
    (fp_text user %R (at 0 0 90) (layer B.Fab)
      (effects (font (size 1 1) (thickness 0.15)) (justify mirror))
    )
    (fp_line (start -1.6 -0.8) (end -1.6 0.8) (layer B.Fab) (width 0.1))
    (fp_line (start 1.6 -0.8) (end -1.6 -0.8) (layer B.Fab) (width 0.1))
    (fp_line (start 1.6 0.8) (end 1.6 -0.8) (layer B.Fab) (width 0.1))
    (fp_line (start -1.6 0.8) (end 1.6 0.8) (layer B.Fab) (width 0.1))
    (fp_line (start 1 1.02) (end -1 1.02) (layer B.SilkS) (width 0.12))
    (fp_line (start -1 -1.02) (end 1 -1.02) (layer B.SilkS) (width 0.12))
    (fp_line (start -2.25 1.05) (end 2.25 1.05) (layer B.CrtYd) (width 0.05))
    (fp_line (start -2.25 1.05) (end -2.25 -1.05) (layer B.CrtYd) (width 0.05))
    (fp_line (start 2.25 -1.05) (end 2.25 1.05) (layer B.CrtYd) (width 0.05))
    (fp_line (start 2.25 -1.05) (end -2.25 -1.05) (layer B.CrtYd) (width 0.05))
    (pad 1 smd rect (at -1.5 0 90) (size 1 1.6) (layers B.Cu B.Paste B.Mask)
      (net 4 /+15V:A))
    (pad 2 smd rect (at 1.5 0 90) (size 1 1.6) (layers B.Cu B.Paste B.Mask)
      (net 6 /VSS:A))
    (model Capacitors_SMD.3dshapes/C_1206.wrl
      (at (xyz 0 0 0))
      (scale (xyz 1 1 1))
      (rotate (xyz 0 0 0))
    )
  )

  (module Capacitors_SMD:C_1206 (layer B.Cu) (tedit 5AD9B359) (tstamp 5ACA0DD2)
    (at 197.5 86.75 225)
    (descr "Capacitor SMD 1206, reflow soldering, AVX (see smccp.pdf)")
    (tags "capacitor 1206")
    (path /5ACAE72D)
    (attr smd)
    (fp_text reference C8 (at 0 0 225) (layer B.SilkS)
      (effects (font (size 1 1) (thickness 0.15)) (justify mirror))
    )
    (fp_text value 33p (at 0 1.767767 225) (layer B.Fab)
      (effects (font (size 1 1) (thickness 0.15)) (justify mirror))
    )
    (fp_text user %R (at 0 0 225) (layer B.Fab)
      (effects (font (size 1 1) (thickness 0.15)) (justify mirror))
    )
    (fp_line (start -1.6 -0.8) (end -1.6 0.8) (layer B.Fab) (width 0.1))
    (fp_line (start 1.6 -0.8) (end -1.6 -0.8) (layer B.Fab) (width 0.1))
    (fp_line (start 1.6 0.8) (end 1.6 -0.8) (layer B.Fab) (width 0.1))
    (fp_line (start -1.6 0.8) (end 1.6 0.8) (layer B.Fab) (width 0.1))
    (fp_line (start 1 1.02) (end -1 1.02) (layer B.SilkS) (width 0.12))
    (fp_line (start -1 -1.02) (end 1 -1.02) (layer B.SilkS) (width 0.12))
    (fp_line (start -2.25 1.05) (end 2.25 1.05) (layer B.CrtYd) (width 0.05))
    (fp_line (start -2.25 1.05) (end -2.25 -1.05) (layer B.CrtYd) (width 0.05))
    (fp_line (start 2.25 -1.05) (end 2.25 1.05) (layer B.CrtYd) (width 0.05))
    (fp_line (start 2.25 -1.05) (end -2.25 -1.05) (layer B.CrtYd) (width 0.05))
    (pad 1 smd rect (at -1.5 0 225) (size 1 1.6) (layers B.Cu B.Paste B.Mask)
      (net 7 "Net-(C8-Pad1)"))
    (pad 2 smd rect (at 1.5 0 225) (size 1 1.6) (layers B.Cu B.Paste B.Mask)
      (net 2 GND))
    (model Capacitors_SMD.3dshapes/C_1206.wrl
      (at (xyz 0 0 0))
      (scale (xyz 1 1 1))
      (rotate (xyz 0 0 0))
    )
  )

  (module Capacitors_SMD:C_1206 (layer B.Cu) (tedit 5AD9AFEF) (tstamp 5ACA0DD8)
    (at 184.5 74 90)
    (descr "Capacitor SMD 1206, reflow soldering, AVX (see smccp.pdf)")
    (tags "capacitor 1206")
    (path /5ACBD532)
    (attr smd)
    (fp_text reference C9 (at 0 0 90) (layer B.SilkS)
      (effects (font (size 1 1) (thickness 0.15)) (justify mirror))
    )
    (fp_text value 4.7u (at 4 0 90) (layer B.Fab)
      (effects (font (size 1 1) (thickness 0.15)) (justify mirror))
    )
    (fp_text user %R (at 0 0 90) (layer B.Fab)
      (effects (font (size 1 1) (thickness 0.15)) (justify mirror))
    )
    (fp_line (start -1.6 -0.8) (end -1.6 0.8) (layer B.Fab) (width 0.1))
    (fp_line (start 1.6 -0.8) (end -1.6 -0.8) (layer B.Fab) (width 0.1))
    (fp_line (start 1.6 0.8) (end 1.6 -0.8) (layer B.Fab) (width 0.1))
    (fp_line (start -1.6 0.8) (end 1.6 0.8) (layer B.Fab) (width 0.1))
    (fp_line (start 1 1.02) (end -1 1.02) (layer B.SilkS) (width 0.12))
    (fp_line (start -1 -1.02) (end 1 -1.02) (layer B.SilkS) (width 0.12))
    (fp_line (start -2.25 1.05) (end 2.25 1.05) (layer B.CrtYd) (width 0.05))
    (fp_line (start -2.25 1.05) (end -2.25 -1.05) (layer B.CrtYd) (width 0.05))
    (fp_line (start 2.25 -1.05) (end 2.25 1.05) (layer B.CrtYd) (width 0.05))
    (fp_line (start 2.25 -1.05) (end -2.25 -1.05) (layer B.CrtYd) (width 0.05))
    (pad 1 smd rect (at -1.5 0 90) (size 1 1.6) (layers B.Cu B.Paste B.Mask)
      (net 6 /VSS:A))
    (pad 2 smd rect (at 1.5 0 90) (size 1 1.6) (layers B.Cu B.Paste B.Mask)
      (net 5 /-8.7V:A))
    (model Capacitors_SMD.3dshapes/C_1206.wrl
      (at (xyz 0 0 0))
      (scale (xyz 1 1 1))
      (rotate (xyz 0 0 0))
    )
  )

  (module Capacitors_SMD:C_1206 (layer B.Cu) (tedit 5AD9AFF3) (tstamp 5ACA0DDE)
    (at 186.75 74 90)
    (descr "Capacitor SMD 1206, reflow soldering, AVX (see smccp.pdf)")
    (tags "capacitor 1206")
    (path /5ACBD538)
    (attr smd)
    (fp_text reference C10 (at 0 0 90) (layer B.SilkS)
      (effects (font (size 1 1) (thickness 0.15)) (justify mirror))
    )
    (fp_text value 100n (at 4.25 0 90) (layer B.Fab)
      (effects (font (size 1 1) (thickness 0.15)) (justify mirror))
    )
    (fp_text user %R (at 0 0 90) (layer B.Fab)
      (effects (font (size 1 1) (thickness 0.15)) (justify mirror))
    )
    (fp_line (start -1.6 -0.8) (end -1.6 0.8) (layer B.Fab) (width 0.1))
    (fp_line (start 1.6 -0.8) (end -1.6 -0.8) (layer B.Fab) (width 0.1))
    (fp_line (start 1.6 0.8) (end 1.6 -0.8) (layer B.Fab) (width 0.1))
    (fp_line (start -1.6 0.8) (end 1.6 0.8) (layer B.Fab) (width 0.1))
    (fp_line (start 1 1.02) (end -1 1.02) (layer B.SilkS) (width 0.12))
    (fp_line (start -1 -1.02) (end 1 -1.02) (layer B.SilkS) (width 0.12))
    (fp_line (start -2.25 1.05) (end 2.25 1.05) (layer B.CrtYd) (width 0.05))
    (fp_line (start -2.25 1.05) (end -2.25 -1.05) (layer B.CrtYd) (width 0.05))
    (fp_line (start 2.25 -1.05) (end 2.25 1.05) (layer B.CrtYd) (width 0.05))
    (fp_line (start 2.25 -1.05) (end -2.25 -1.05) (layer B.CrtYd) (width 0.05))
    (pad 1 smd rect (at -1.5 0 90) (size 1 1.6) (layers B.Cu B.Paste B.Mask)
      (net 6 /VSS:A))
    (pad 2 smd rect (at 1.5 0 90) (size 1 1.6) (layers B.Cu B.Paste B.Mask)
      (net 5 /-8.7V:A))
    (model Capacitors_SMD.3dshapes/C_1206.wrl
      (at (xyz 0 0 0))
      (scale (xyz 1 1 1))
      (rotate (xyz 0 0 0))
    )
  )

  (module Capacitors_SMD:C_1206 (layer B.Cu) (tedit 5AD9B093) (tstamp 5ACA0DEA)
    (at 193.25 91.75 90)
    (descr "Capacitor SMD 1206, reflow soldering, AVX (see smccp.pdf)")
    (tags "capacitor 1206")
    (path /5ACAE5A7)
    (attr smd)
    (fp_text reference C12 (at 0 0 90) (layer B.SilkS)
      (effects (font (size 1 1) (thickness 0.15)) (justify mirror))
    )
    (fp_text value 2.2n (at 0 -1.75 90) (layer B.Fab)
      (effects (font (size 1 1) (thickness 0.15)) (justify mirror))
    )
    (fp_text user %R (at 0 0 90) (layer B.Fab)
      (effects (font (size 1 1) (thickness 0.15)) (justify mirror))
    )
    (fp_line (start -1.6 -0.8) (end -1.6 0.8) (layer B.Fab) (width 0.1))
    (fp_line (start 1.6 -0.8) (end -1.6 -0.8) (layer B.Fab) (width 0.1))
    (fp_line (start 1.6 0.8) (end 1.6 -0.8) (layer B.Fab) (width 0.1))
    (fp_line (start -1.6 0.8) (end 1.6 0.8) (layer B.Fab) (width 0.1))
    (fp_line (start 1 1.02) (end -1 1.02) (layer B.SilkS) (width 0.12))
    (fp_line (start -1 -1.02) (end 1 -1.02) (layer B.SilkS) (width 0.12))
    (fp_line (start -2.25 1.05) (end 2.25 1.05) (layer B.CrtYd) (width 0.05))
    (fp_line (start -2.25 1.05) (end -2.25 -1.05) (layer B.CrtYd) (width 0.05))
    (fp_line (start 2.25 -1.05) (end 2.25 1.05) (layer B.CrtYd) (width 0.05))
    (fp_line (start 2.25 -1.05) (end -2.25 -1.05) (layer B.CrtYd) (width 0.05))
    (pad 1 smd rect (at -1.5 0 90) (size 1 1.6) (layers B.Cu B.Paste B.Mask)
      (net 8 /DT))
    (pad 2 smd rect (at 1.5 0 90) (size 1 1.6) (layers B.Cu B.Paste B.Mask)
      (net 2 GND))
    (model Capacitors_SMD.3dshapes/C_1206.wrl
      (at (xyz 0 0 0))
      (scale (xyz 1 1 1))
      (rotate (xyz 0 0 0))
    )
  )

  (module Capacitors_SMD:C_1206 (layer F.Cu) (tedit 5AD9BED6) (tstamp 5ACA0DF0)
    (at 176.5 112.2 90)
    (descr "Capacitor SMD 1206, reflow soldering, AVX (see smccp.pdf)")
    (tags "capacitor 1206")
    (path /5ACAE65D)
    (attr smd)
    (fp_text reference C13 (at -0.05 0 90) (layer F.SilkS)
      (effects (font (size 1 1) (thickness 0.15)))
    )
    (fp_text value 10u (at 3.45 0 90) (layer F.Fab)
      (effects (font (size 1 1) (thickness 0.15)))
    )
    (fp_text user %R (at -0.05 0 90) (layer F.Fab)
      (effects (font (size 1 1) (thickness 0.15)))
    )
    (fp_line (start -1.6 0.8) (end -1.6 -0.8) (layer F.Fab) (width 0.1))
    (fp_line (start 1.6 0.8) (end -1.6 0.8) (layer F.Fab) (width 0.1))
    (fp_line (start 1.6 -0.8) (end 1.6 0.8) (layer F.Fab) (width 0.1))
    (fp_line (start -1.6 -0.8) (end 1.6 -0.8) (layer F.Fab) (width 0.1))
    (fp_line (start 1 -1.02) (end -1 -1.02) (layer F.SilkS) (width 0.12))
    (fp_line (start -1 1.02) (end 1 1.02) (layer F.SilkS) (width 0.12))
    (fp_line (start -2.25 -1.05) (end 2.25 -1.05) (layer F.CrtYd) (width 0.05))
    (fp_line (start -2.25 -1.05) (end -2.25 1.05) (layer F.CrtYd) (width 0.05))
    (fp_line (start 2.25 1.05) (end 2.25 -1.05) (layer F.CrtYd) (width 0.05))
    (fp_line (start 2.25 1.05) (end -2.25 1.05) (layer F.CrtYd) (width 0.05))
    (pad 1 smd rect (at -1.5 0 90) (size 1 1.6) (layers F.Cu F.Paste F.Mask)
      (net 9 /+15V:B))
    (pad 2 smd rect (at 1.5 0 90) (size 1 1.6) (layers F.Cu F.Paste F.Mask)
      (net 10 /-8.7V:B))
    (model Capacitors_SMD.3dshapes/C_1206.wrl
      (at (xyz 0 0 0))
      (scale (xyz 1 1 1))
      (rotate (xyz 0 0 0))
    )
  )

  (module Capacitors_SMD:C_1206 (layer B.Cu) (tedit 5AD9AF5D) (tstamp 5ACA0DF6)
    (at 184.5 104 90)
    (descr "Capacitor SMD 1206, reflow soldering, AVX (see smccp.pdf)")
    (tags "capacitor 1206")
    (path /5ACAE641)
    (attr smd)
    (fp_text reference C14 (at 0 0 90) (layer B.SilkS)
      (effects (font (size 1 1) (thickness 0.15)) (justify mirror))
    )
    (fp_text value 4.7u (at -4 0 90) (layer B.Fab)
      (effects (font (size 1 1) (thickness 0.15)) (justify mirror))
    )
    (fp_text user %R (at 0 0 90) (layer B.Fab)
      (effects (font (size 1 1) (thickness 0.15)) (justify mirror))
    )
    (fp_line (start -1.6 -0.8) (end -1.6 0.8) (layer B.Fab) (width 0.1))
    (fp_line (start 1.6 -0.8) (end -1.6 -0.8) (layer B.Fab) (width 0.1))
    (fp_line (start 1.6 0.8) (end 1.6 -0.8) (layer B.Fab) (width 0.1))
    (fp_line (start -1.6 0.8) (end 1.6 0.8) (layer B.Fab) (width 0.1))
    (fp_line (start 1 1.02) (end -1 1.02) (layer B.SilkS) (width 0.12))
    (fp_line (start -1 -1.02) (end 1 -1.02) (layer B.SilkS) (width 0.12))
    (fp_line (start -2.25 1.05) (end 2.25 1.05) (layer B.CrtYd) (width 0.05))
    (fp_line (start -2.25 1.05) (end -2.25 -1.05) (layer B.CrtYd) (width 0.05))
    (fp_line (start 2.25 -1.05) (end 2.25 1.05) (layer B.CrtYd) (width 0.05))
    (fp_line (start 2.25 -1.05) (end -2.25 -1.05) (layer B.CrtYd) (width 0.05))
    (pad 1 smd rect (at -1.5 0 90) (size 1 1.6) (layers B.Cu B.Paste B.Mask)
      (net 9 /+15V:B))
    (pad 2 smd rect (at 1.5 0 90) (size 1 1.6) (layers B.Cu B.Paste B.Mask)
      (net 11 /VSS:B))
    (model Capacitors_SMD.3dshapes/C_1206.wrl
      (at (xyz 0 0 0))
      (scale (xyz 1 1 1))
      (rotate (xyz 0 0 0))
    )
  )

  (module Capacitors_SMD:C_1206 (layer B.Cu) (tedit 5AD9AF63) (tstamp 5ACA0DFC)
    (at 186.75 104 90)
    (descr "Capacitor SMD 1206, reflow soldering, AVX (see smccp.pdf)")
    (tags "capacitor 1206")
    (path /5ACAE648)
    (attr smd)
    (fp_text reference C15 (at 0 0 90) (layer B.SilkS)
      (effects (font (size 1 1) (thickness 0.15)) (justify mirror))
    )
    (fp_text value 100n (at -4.25 0 90) (layer B.Fab)
      (effects (font (size 1 1) (thickness 0.15)) (justify mirror))
    )
    (fp_text user %R (at 0 0 90) (layer B.Fab)
      (effects (font (size 1 1) (thickness 0.15)) (justify mirror))
    )
    (fp_line (start -1.6 -0.8) (end -1.6 0.8) (layer B.Fab) (width 0.1))
    (fp_line (start 1.6 -0.8) (end -1.6 -0.8) (layer B.Fab) (width 0.1))
    (fp_line (start 1.6 0.8) (end 1.6 -0.8) (layer B.Fab) (width 0.1))
    (fp_line (start -1.6 0.8) (end 1.6 0.8) (layer B.Fab) (width 0.1))
    (fp_line (start 1 1.02) (end -1 1.02) (layer B.SilkS) (width 0.12))
    (fp_line (start -1 -1.02) (end 1 -1.02) (layer B.SilkS) (width 0.12))
    (fp_line (start -2.25 1.05) (end 2.25 1.05) (layer B.CrtYd) (width 0.05))
    (fp_line (start -2.25 1.05) (end -2.25 -1.05) (layer B.CrtYd) (width 0.05))
    (fp_line (start 2.25 -1.05) (end 2.25 1.05) (layer B.CrtYd) (width 0.05))
    (fp_line (start 2.25 -1.05) (end -2.25 -1.05) (layer B.CrtYd) (width 0.05))
    (pad 1 smd rect (at -1.5 0 90) (size 1 1.6) (layers B.Cu B.Paste B.Mask)
      (net 9 /+15V:B))
    (pad 2 smd rect (at 1.5 0 90) (size 1 1.6) (layers B.Cu B.Paste B.Mask)
      (net 11 /VSS:B))
    (model Capacitors_SMD.3dshapes/C_1206.wrl
      (at (xyz 0 0 0))
      (scale (xyz 1 1 1))
      (rotate (xyz 0 0 0))
    )
  )

  (module Capacitors_SMD:C_1206 (layer B.Cu) (tedit 5AD9B2BB) (tstamp 5ACA0E02)
    (at 184.5 97 90)
    (descr "Capacitor SMD 1206, reflow soldering, AVX (see smccp.pdf)")
    (tags "capacitor 1206")
    (path /5ACAE64F)
    (attr smd)
    (fp_text reference C16 (at 0 0 90) (layer B.SilkS)
      (effects (font (size 1 1) (thickness 0.15)) (justify mirror))
    )
    (fp_text value 4.7u (at 0 -1.75 90) (layer B.Fab)
      (effects (font (size 1 1) (thickness 0.15)) (justify mirror))
    )
    (fp_text user %R (at 0 0 90) (layer B.Fab)
      (effects (font (size 1 1) (thickness 0.15)) (justify mirror))
    )
    (fp_line (start -1.6 -0.8) (end -1.6 0.8) (layer B.Fab) (width 0.1))
    (fp_line (start 1.6 -0.8) (end -1.6 -0.8) (layer B.Fab) (width 0.1))
    (fp_line (start 1.6 0.8) (end 1.6 -0.8) (layer B.Fab) (width 0.1))
    (fp_line (start -1.6 0.8) (end 1.6 0.8) (layer B.Fab) (width 0.1))
    (fp_line (start 1 1.02) (end -1 1.02) (layer B.SilkS) (width 0.12))
    (fp_line (start -1 -1.02) (end 1 -1.02) (layer B.SilkS) (width 0.12))
    (fp_line (start -2.25 1.05) (end 2.25 1.05) (layer B.CrtYd) (width 0.05))
    (fp_line (start -2.25 1.05) (end -2.25 -1.05) (layer B.CrtYd) (width 0.05))
    (fp_line (start 2.25 -1.05) (end 2.25 1.05) (layer B.CrtYd) (width 0.05))
